10 vert

[(0, 14.1), (5, 37.1), (10, 54.3), (15, 64.0), (20, 67.7), (25, 68.7), (30, 69.9), (35, 72.1), (40, 74.8), (45, 78.4), (50, 83.2), (55, 85.4), (60, 91.2), (65, 93.9), (70, 97.6), (71, 97.6)]
71
37

15 vert

[(0, 9.5), (5, 29.2), (10, 47.7), (15, 60.6), (20, 68.0), (25, 72.7), (30, 76.4), (35, 79.0), (40, 83.6), (45, 89.3), (50, 95.8), (53, 97.6)]
53
55

20 vert

[(0, 6.6), (5, 22.0), (10, 38.6), (15, 52.1), (20, 60.9), (25, 66.9), (30, 71.1), (35, 74.7), (40, 79.6), (45, 83.8), (50, 87.5), (55, 90.7), (60, 93.7), (65, 97.9), (66, 97.9)]
66
127

25 vert

[(0, 5.4), (5, 18.3), (10, 34.1), (15, 48.0), (20, 57.4), (25, 63.9), (30, 69.0), (35, 71.7), (40, 74.8), (45, 78.3), (50, 82.0), (55, 85.9), (60, 89.4), (65, 92.3), (70, 94.9), (75, 97.8), (76, 97.8)]
76
222

30 vert

[(0, 4.8), (5, 16.3), (10, 30.7), (15, 43.6), (20, 54.5), (25, 62.1), (30, 68.0), (35, 72.4), (40, 76.1), (45, 80.3), (50, 84.4), (55, 88.5), (60, 92.7), (65, 96.2), (68, 97.7)]
68
163

35 vert

[(0, 4.0), (5, 13.9), (10, 26.3), (15, 38.8), (20, 49.4), (25, 58.4), (30, 64.3), (35, 68.6), (40, 72.5), (45, 76.5), (50, 80.7), (55, 83.9), (60, 87.7), (65, 90.2), (70, 92.8), (75, 95.0), (80, 97.2), (82, 97.9)]
82
253

40 vert

[(0, 3.6), (5, 12.4), (10, 23.8), (15, 35.6), (20, 46.3), (25, 55.8), (30, 62.9), (35, 68.6), (40, 73.4), (45, 77.6), (50, 81.5), (55, 85.6), (60, 90.3), (65, 95.3), (69, 97.6)]
69
296

45 vert

[(0, 3.2), (5, 10.5), (10, 21.1), (15, 31.9), (20, 42.5), (25, 50.8), (30, 57.2), (35, 63.3), (40, 68.3), (45, 72.3), (50, 76.9), (55, 81.3), (60, 85.0), (65, 88.6), (70, 92.3), (75, 95.6), (80, 97.1), (83, 97.5)]
83
416
