10 вершин

[(0, 14.7), (1, 19.0), (2, 23.7), (3, 28.5), (4, 32.5), (5, 37.1), (6, 41.0), (7, 44.8), (8, 48.3), (9, 51.4), (10, 54.0), (11, 56.3), (12, 58.6), (13, 59.5), (14, 61.2), (15, 62.7), (16, 63.4), (17, 64.5), (18, 65.2), (19, 66.5), (20, 66.8), (21, 67.6), (22, 68.2), (23, 68.9), (24, 69.7), (25, 69.7), (26, 70.4), (27, 70.7), (28, 70.7), (29, 71.2), (30, 71.5), (31, 72.8), (32, 73.5), (33, 74.2), (34, 74.8), (35, 75.4), (36, 76.7), (37, 78.3), (38, 78.9), (39, 80.7), (40, 81.4), (41, 82.5), (42, 83.8), (43, 85.0), (44, 85.5), (45, 86.5), (46, 86.9), (47, 87.9), (48, 89.1), (49, 90.6), (50, 92.5), (51, 94.0), (52, 95.9), (53, 96.8), (54, 97.8), (55, 97.8)]
55

20 вершин

[(0, 7.0), (1, 9.4), (2, 12.3), (3, 15.7), (4, 18.4), (5, 21.5), (6, 24.5), (7, 27.8), (8, 31.1), (9, 34.5), (10, 37.5), (11, 40.5), (12, 43.5), (13, 45.7), (14, 47.9), (15, 49.9), (16, 52.0), (17, 54.6), (18, 56.7), (19, 58.2), (20, 59.7), (21, 60.9), (22, 62.1), (23, 62.8), (24, 63.6), (25, 64.7), (26, 65.8), (27, 66.3), (28, 67.0), (29, 67.7), (30, 67.9), (31, 68.8), (32, 69.2), (33, 69.0), (34, 70.0), (35, 70.5), (36, 71.0), (37, 71.7), (38, 72.2), (39, 73.2), (40, 73.7), (41, 74.4), (42, 74.5), (43, 75.3), (44, 76.0), (45, 76.5), (46, 77.0), (47, 77.6), (48, 77.9), (49, 78.9), (50, 79.4), (51, 79.8), (52, 80.1), (53, 80.9), (54, 81.2), (55, 82.2), (56, 82.7), (57, 83.1), (58, 83.9), (59, 84.2), (60, 84.3), (61, 85.1), (62, 85.6), (63, 86.4), (64, 87.1), (65, 87.9), (66, 88.6), (67, 89.7), (68, 90.8), (69, 91.8), (70, 92.2), (71, 92.9), (72, 93.6), (73, 93.9), (74, 94.4), (75, 95.0), (76, 95.4), (77, 95.6), (78, 96.0), (79, 96.2), (80, 96.5), (81, 96.7), (82, 97.0), (83, 97.3), (84, 97.7), (85, 97.7)]
85

30 вершин

(0, 5.2), (1, 7.4), (2, 9.2), (3, 11.5), (4, 14.1), (5, 16.8), (6, 19.3), (7, 22.2), (8, 24.9), (9, 27.9), (10, 30.6), (11, 33.3), (12, 36.0), (13, 38.8), (14, 41.6), (15, 43.7), (16, 46.0), (17, 47.9), (18, 50.0), (19, 51.9), (20, 53.8), (21, 55.8), (22, 57.4), (23, 58.8), (24, 60.1), (25, 61.4), (26, 62.8), (27, 63.9), (28, 65.2), (29, 66.0), (30, 67.2), (31, 67.9), (32, 68.9), (33, 70.0), (34, 71.0), (35, 71.8), (36, 72.6), (37, 73.5), (38, 74.4), (39, 75.0), (40, 75.6), (41, 76.0), (42, 77.0), (43, 77.3), (44, 78.0), (45, 78.9), (46, 79.6), (47, 80.3), (48, 80.8), (49, 81.5), (50, 82.3), (51, 83.0), (52, 84.1), (53, 84.9), (54, 86.0), (55, 86.6), (56, 87.3), (57, 88.2), (58, 88.8), (59, 89.6), (60, 90.4), (61, 90.9), (62, 91.5), (63, 91.7), (64, 92.2), (65, 92.5), (66, 93.0), (67, 93.4), (68, 93.8), (69, 94.1), (70, 94.4), (71, 94.5), (72, 94.7), (73, 94.8), (74, 95.1), (75, 95.4), (76, 95.6), (77, 95.8), (78, 96.1), (79, 96.4), (80, 96.7), (81, 97.1), (82, 97.4), (83, 97.8), (84, 97.8)
84

40 вершин

(0, 3.7), (1, 5.0), (2, 6.8), (3, 8.6), (4, 10.3), (5, 12.5), (6, 14.6), (7, 17.0), (8, 19.4), (9, 21.7), (10, 24.0), (11, 26.6), (12, 29.3), (13, 32.0), (14, 34.4), (15, 36.7), (16, 38.9), (17, 40.9), (18, 43.0), (19, 45.1), (20, 46.9), (21, 48.7), (22, 50.7), (23, 52.5), (24, 54.1), (25, 56.0), (26, 57.7), (27, 58.8), (28, 60.2), (29, 61.2), (30, 62.7), (31, 63.8), (32, 64.9), (33, 65.8), (34, 66.6), (35, 67.7), (36, 68.8), (37, 69.7), (38, 70.6), (39, 71.6), (40, 72.7), (41, 73.7), (42, 74.5), (43, 75.5), (44, 76.5), (45, 77.5), (46, 78.2), (47, 78.9), (48, 79.8), (49, 80.6), (50, 81.3), (51, 81.9), (52, 82.7), (53, 83.4), (54, 83.9), (55, 84.5), (56, 85.3), (57, 85.8), (58, 86.6), (59, 87.3), (60, 87.8), (61, 88.4), (62, 89.3), (63, 90.2), (64, 90.7), (65, 91.4), (66, 92.5), (67, 93.2), (68, 94.1), (69, 95.0), (70, 96.0), (71, 96.9), (72, 97.9), (73, 97.9)
73

50 вершин

(0, 2.9), (1, 4.2), (2, 5.3), (3, 6.6), (4, 8.2), (5, 10.0), (6, 11.9), (7, 13.8), (8, 15.8), (9, 18.0), (10, 20.2), (11, 22.4), (12, 24.4), (13, 27.1), (14, 29.0), (15, 31.4), (16, 33.6), (17, 35.5), (18, 37.6), (19, 39.5), (20, 41.6), (21, 43.6), (22, 45.6), (23, 47.3), (24, 48.8), (25, 50.4), (26, 51.7), (27, 53.2), (28, 55.0), (29, 56.9), (30, 58.3), (31, 59.5), (32, 60.9), (33, 61.6), (34, 62.9), (35, 64.2), (36, 65.1), (37, 65.8), (38, 66.9), (39, 67.8), (40, 68.9), (41, 69.9), (42, 70.8), (43, 71.5), (44, 72.3), (45, 73.0), (46, 74.0), (47, 75.1), (48, 76.1), (49, 76.9), (50, 77.8), (51, 78.6), (52, 79.5), (53, 80.5), (54, 81.5), (55, 82.4), (56, 83.2), (57, 84.0), (58, 84.8), (59, 85.6), (60, 86.4), (61, 87.1), (62, 87.9), (63, 88.7), (64, 89.4), (65, 90.3), (66, 90.8), (67, 91.5), (68, 92.3), (69, 93.1), (70, 94.0), (71, 94.7), (72, 95.3), (73, 96.0), (74, 96.5), (75, 97.1), (76, 97.4), (77, 97.6), (78, 97.6)
78

60 вершин

[(0, 2.6), (1, 3.7), (2, 4.7), (3, 5.9), (4, 7.3), (5, 8.7), (6, 10.4), (7, 12.3), (8, 14.3), (9, 16.3), (10, 18.3), (11, 20.4), (12, 22.6), (13, 24.4), (14, 26.3), (15, 28.3), (16, 30.3), (17, 32.3), (18, 34.1), (19, 36.2), (20, 38.0), (21, 39.9), (22, 42.0), (23, 43.6), (24, 45.3), (25, 46.9), (26, 48.6), (27, 50.1), (28, 51.7), (29, 53.2), (30, 54.7), (31, 55.9), (32, 57.2), (33, 58.2), (34, 59.4), (35, 60.4), (36, 61.8), (37, 62.9), (38, 64.2), (39, 65.3), (40, 66.4), (41, 67.4), (42, 68.8), (43, 69.6), (44, 70.9), (45, 72.0), (46, 72.8), (47, 73.8), (48, 75.0), (49, 76.1), (50, 77.0), (51, 78.1), (52, 79.2), (53, 80.3), (54, 81.4), (55, 82.2), (56, 83.1), (57, 84.2), (58, 85.1), (59, 86.1), (60, 86.9), (61, 87.8), (62, 88.5), (63, 89.3), (64, 90.2), (65, 91.0), (66, 91.6), (67, 92.0), (68, 92.6), (69, 93.2), (70, 93.7), (71, 94.2), (72, 94.8), (73, 95.3), (74, 95.8), (75, 96.3), (76, 96.8), (77, 97.1), (78, 97.5), (79, 97.5)]
79